5 0.3645833333333334 0.48828125 0.11805555555555565 0.48828125 0.11805555555555568 0.646484375 0.3645833333333334 0.646484375
5 0.5243055555555558 0.478515625 0.3958333333333334 0.478515625 0.3958333333333334 0.638671875 0.5243055555555558 0.638671875
0 0.7812500000000002 0.552734375 0.5243055555555558 0.552734375 0.5243055555555558 0.642578125 0.7812500000000002 0.642578125
0 0.9479166666666666 0.515625 0.746527777777778 0.515625 0.746527777777778 0.66796875 0.9479166666666666 0.66796875
4 0.5555555555555557 0.341796875 0.2673611111111112 0.341796875 0.2673611111111112 0.521484375 0.5555555555555558 0.521484375
0 0.25694444444444453 0.34375 0.07291666666666674 0.34375 0.07291666666666675 0.4921875 0.25694444444444453 0.4921875
5 0.6145833333333334 0.21875000000000003 0.3506944444444444 0.21875 0.3506944444444445 0.359375 0.6145833333333334 0.359375
1 0.48958333333333354 0.685546875 0.07986111111111126 0.685546875 0.07986111111111127 0.76171875 0.48958333333333354 0.76171875
4 0.8645833333333335 0.65234375 0.49305555555555575 0.65234375 0.49305555555555575 0.87109375 0.8645833333333335 0.87109375
1 0.35763888888888895 0.17578125 3.827021247335479e-17 0.17578125 6.080711537433039e-17 0.3828125 0.357638888888889 0.3828125
5 0.59375 0.13085937500000003 0.2986111111111111 0.130859375 0.29861111111111116 0.23828125000000003 0.59375 0.23828125000000006
2 0.9305555555555556 0.12109375000000004 0.5902777777777778 0.12109375000000003 0.5902777777777778 0.30664062500000006 0.9305555555555556 0.3066406250000001
2 0.8923611111111112 0.29492187500000006 0.5868055555555556 0.294921875 0.5868055555555556 0.37890625000000006 0.8923611111111112 0.3789062500000001
3 0.8680555555555557 0.34570312500000006 0.5486111111111112 0.345703125 0.5486111111111112 0.556640625 0.8680555555555558 0.556640625