3 0.314453125 0.21875000000000003 0.10156250000000003 0.21875 0.10156250000000004 0.625 0.314453125 0.625
5 0.6484375 0.5520833333333335 0.494140625 0.5520833333333335 0.49414062500000006 0.8923611111111112 0.6484375 0.8923611111111112
5 0.830078125 0.5347222222222224 0.666015625 0.5347222222222224 0.666015625 0.9270833333333334 0.830078125 0.9270833333333334
5 0.875 0.42708333333333354 0.697265625 0.42708333333333354 0.697265625 0.7812500000000002 0.875 0.7812500000000002
5 0.986328125 0.41319444444444464 0.875 0.41319444444444464 0.875 0.6770833333333335 0.986328125 0.6770833333333335
0 0.5703125 0.5000000000000001 0.376953125 0.5 0.37695312500000006 0.8750000000000001 0.5703125 0.8750000000000002
0 0.564453125 0.21180555555555566 0.396484375 0.21180555555555566 0.396484375 0.4340277777777779 0.564453125 0.4340277777777779
0 0.83203125 0.21527777777777796 0.6796875 0.21527777777777793 0.6796875 0.47222222222222243 0.83203125 0.47222222222222243
0 0.767578125 0.09722222222222238 0.603515625 0.09722222222222235 0.603515625 0.2430555555555557 0.767578125 0.24305555555555575
1 0.830078125 0.04513888888888905 0.615234375 0.04513888888888903 0.615234375 0.18402777777777796 0.830078125 0.18402777777777798
2 0.515625 9.461246972579378e-17 0.353515625 7.696564952974685e-17 0.353515625 0.19444444444444453 0.515625 0.19444444444444453
4 0.39453125 0.07638888888888895 0.201171875 0.07638888888888894 0.201171875 0.26736111111111116 0.39453125 0.2673611111111112
1 0.43164062500000006 0.357638888888889 0.26953125 0.357638888888889 0.26953125000000006 0.8090277777777778 0.4316406250000001 0.8090277777777778