5 0.404296875 0.12152777777777785 0.326171875 0.12152777777777783 0.326171875 0.38194444444444453 0.404296875 0.38194444444444453
5 0.44921875 0.041666666666666755 0.359375 0.04166666666666674 0.359375 0.22916666666666677 0.44921875 0.22916666666666677
5 0.310546875 0.21875000000000006 0.251953125 0.21875000000000006 0.251953125 0.53125 0.310546875 0.53125
0 0.451171875 0.5902777777777778 0.302734375 0.5902777777777778 0.302734375 0.7673611111111112 0.451171875 0.7673611111111112
0 0.3984375 0.35069444444444453 0.29296875 0.35069444444444453 0.29296875 0.6145833333333334 0.3984375 0.6145833333333334
0 0.6015625 0.06597222222222233 0.474609375 0.06597222222222232 0.474609375 0.3020833333333334 0.6015625 0.3020833333333334
0 0.578125 0.31944444444444453 0.46484375 0.31944444444444453 0.46484375 0.6145833333333335 0.578125 0.6145833333333335
1 0.650390625 0.1041666666666668 0.537109375 0.1041666666666668 0.537109375 0.43055555555555564 0.650390625 0.43055555555555564
5 0.533203125 0.031250000000000104 0.427734375 0.0312500000000001 0.427734375 0.2812500000000001 0.533203125 0.2812500000000001
1 0.43164062500000006 0.6319444444444444 0.21875000000000006 0.6319444444444444 0.21875000000000006 0.8819444444444444 0.4316406250000001 0.8819444444444444
2 0.666015625 0.6250000000000002 0.458984375 0.6250000000000002 0.45898437500000006 0.9131944444444444 0.666015625 0.9131944444444444
2 0.751953125 0.49305555555555575 0.552734375 0.49305555555555575 0.552734375 0.7256944444444446 0.751953125 0.7256944444444446
3 0.77734375 0.1805555555555557 0.607421875 0.1805555555555557 0.607421875 0.48958333333333354 0.77734375 0.48958333333333354
4 0.525390625 0.35069444444444453 0.376953125 0.35069444444444453 0.376953125 0.6458333333333335 0.525390625 0.6458333333333335