3 0.322265625 0.1840277777777778 0.09765625 0.1840277777777778 0.09765625000000003 0.6076388888888888 0.322265625 0.6076388888888888
5 0.646484375 0.5520833333333335 0.482421875 0.5520833333333335 0.48242187500000006 0.90625 0.646484375 0.90625
5 0.830078125 0.5520833333333335 0.654296875 0.5520833333333335 0.654296875 0.9583333333333334 0.830078125 0.9583333333333334
5 0.876953125 0.44791666666666685 0.689453125 0.44791666666666685 0.689453125 0.8159722222222224 0.876953125 0.8159722222222224
5 0.98828125 0.45138888888888906 0.869140625 0.45138888888888906 0.869140625 0.7222222222222224 0.98828125 0.7222222222222224
0 0.568359375 0.4895833333333334 0.365234375 0.4895833333333333 0.36523437500000006 0.8819444444444445 0.568359375 0.8819444444444446
0 0.57421875 0.20486111111111124 0.3984375 0.20486111111111122 0.3984375 0.44444444444444453 0.57421875 0.44444444444444464
0 0.83984375 0.23263888888888903 0.6796875 0.23263888888888898 0.6796875 0.5034722222222224 0.83984375 0.5034722222222224
0 0.779296875 0.10763888888888903 0.611328125 0.107638888888889 0.611328125 0.26736111111111127 0.779296875 0.2673611111111113
1 0.84375 0.059027777777777936 0.626953125 0.05902777777777793 0.626953125 0.21527777777777796 0.84375 0.21527777777777798
2 0.53125 9.737642951553607e-17 0.36328125 7.909177244493323e-17 0.36328125 0.19791666666666677 0.53125 0.19791666666666677
4 0.408203125 0.04861111111111118 0.2109375 0.04861111111111116 0.2109375 0.2569444444444445 0.408203125 0.25694444444444453
1 0.435546875 0.33680555555555564 0.259765625 0.33680555555555564 0.259765625 0.8020833333333334 0.435546875 0.8020833333333334