2 0.283203125 0.20486111111111113 0.08398437500000003 0.2048611111111111 0.08398437500000003 0.5520833333333334 0.283203125 0.5520833333333334
3 0.423828125 0.28125000000000006 0.12890625 0.28125 0.12890625000000003 0.6979166666666666 0.423828125 0.6979166666666666
1 0.45507812500000006 0.5243055555555557 0.24023437500000006 0.5243055555555556 0.24023437500000006 1 0.4550781250000001 1
5 0.6171875 0.5694444444444445 0.431640625 0.5694444444444444 0.43164062500000006 0.8680555555555557 0.6171875 0.8680555555555558
5 0.615234375 0.6041666666666669 0.5234375 0.6041666666666669 0.5234375 0.8854166666666669 0.615234375 0.8854166666666669
5 0.814453125 0.49652777777777796 0.66015625 0.49652777777777796 0.66015625 0.7986111111111113 0.814453125 0.7986111111111113
5 0.734375 0.42361111111111127 0.56640625 0.4236111111111112 0.56640625 0.7291666666666669 0.734375 0.7291666666666669
4 0.716796875 0.1527777777777779 0.498046875 0.15277777777777787 0.498046875 0.5763888888888891 0.716796875 0.5763888888888891
4 0.78515625 0.03472222222222237 0.587890625 0.03472222222222235 0.587890625 0.3159722222222224 0.78515625 0.31597222222222243
0 0.47265625 0.20486111111111122 0.341796875 0.20486111111111122 0.341796875 0.4548611111111112 0.47265625 0.4548611111111113
0 0.5546875 0.04166666666666677 0.3984375 0.041666666666666755 0.3984375 0.36805555555555564 0.5546875 0.36805555555555564