2 0.2890625 0.12847222222222227 0.1171875 0.12847222222222227 0.11718750000000001 0.42013888888888895 0.2890625 0.420138888888889
3 0.4140625 0.24652777777777782 0.1484375 0.2465277777777778 0.14843750000000003 0.5798611111111112 0.4140625 0.5798611111111112
1 0.40820312500000006 0.4930555555555556 0.23632812500000006 0.4930555555555556 0.23632812500000006 0.9201388888888888 0.4082031250000001 0.9201388888888888
5 0.580078125 0.5972222222222223 0.41796875 0.5972222222222222 0.41796875000000006 0.8472222222222223 0.580078125 0.8472222222222224
5 0.57421875 0.6284722222222224 0.509765625 0.6284722222222224 0.509765625 0.8958333333333334 0.57421875 0.8958333333333334
5 0.78125 0.5937500000000002 0.65234375 0.5937500000000002 0.65234375 0.8576388888888891 0.78125 0.8576388888888891
5 0.708984375 0.49305555555555575 0.56640625 0.49305555555555575 0.56640625 0.7569444444444446 0.708984375 0.7569444444444446
4 0.7109375 0.2187500000000001 0.52734375 0.2187500000000001 0.52734375 0.5868055555555558 0.7109375 0.5868055555555558
4 0.806640625 0.1284722222222224 0.630859375 0.12847222222222238 0.630859375 0.3541666666666668 0.806640625 0.35416666666666685
0 0.48046875 0.19097222222222232 0.37109375 0.19097222222222232 0.37109375 0.4062500000000001 0.48046875 0.4062500000000001
0 0.572265625 0.055555555555555663 0.4453125 0.05555555555555566 0.4453125 0.3437500000000001 0.572265625 0.3437500000000001