2 0.9722222222222222 0.16796875000000006 0.6770833333333334 0.16796875000000006 0.6770833333333334 0.36914062500000006 0.9722222222222222 0.3691406250000001
4 0.7430555555555558 0.708984375 0.45138888888888906 0.708984375 0.45138888888888906 0.8828125 0.7430555555555558 0.8828125
0 0.8993055555555556 0.6328125 0.7291666666666669 0.6328125 0.7291666666666669 0.794921875 0.8993055555555556 0.794921875
1 0.43750000000000017 0.646484375 0.04513888888888903 0.646484375 0.04513888888888904 0.787109375 0.4375000000000002 0.787109375
5 0.35069444444444453 0.49609375 0.18402777777777787 0.49609375 0.1840277777777779 0.662109375 0.35069444444444453 0.662109375
5 0.5138888888888891 0.53125 0.36805555555555564 0.53125 0.3680555555555557 0.6875 0.5138888888888891 0.6875
0 0.7638888888888891 0.55859375 0.47222222222222243 0.55859375 0.47222222222222243 0.70703125 0.7638888888888891 0.70703125
4 0.6145833333333335 0.373046875 0.3090277777777779 0.373046875 0.3090277777777779 0.525390625 0.6145833333333335 0.525390625
0 0.3611111111111112 0.322265625 0.07291666666666674 0.322265625 0.07291666666666675 0.478515625 0.3611111111111112 0.478515625
1 0.5277777777777778 0.13867187500000003 0.14236111111111116 0.138671875 0.1423611111111112 0.341796875 0.5277777777777778 0.341796875
5 0.7291666666666666 0.16601562500000006 0.4722222222222222 0.16601562500000006 0.4722222222222222 0.291015625 0.7291666666666666 0.291015625
5 0.6631944444444444 0.263671875 0.4340277777777779 0.263671875 0.4340277777777779 0.40234375 0.6631944444444444 0.40234375