5 0.41796875000000006 0.5416666666666666 0.22070312500000006 0.5416666666666666 0.22070312500000006 0.9027777777777778 0.4179687500000001 0.9027777777777778
5 0.42578125 0.4062500000000001 0.23437500000000006 0.4062500000000001 0.23437500000000006 0.53125 0.42578125 0.53125
5 0.3671875 0.2881944444444445 0.17578125 0.2881944444444444 0.17578125000000003 0.43402777777777785 0.3671875 0.4340277777777779
5 0.4140625 0.1736111111111112 0.255859375 0.17361111111111116 0.255859375 0.3437500000000001 0.4140625 0.3437500000000001
0 0.44921875 0.12500000000000008 0.3203125 0.12500000000000006 0.3203125 0.29166666666666674 0.44921875 0.29166666666666674
1 0.552734375 0.08333333333333343 0.35546875 0.08333333333333341 0.35546875 0.26041666666666674 0.552734375 0.26041666666666674
4 0.669921875 0.295138888888889 0.455078125 0.295138888888889 0.455078125 0.5208333333333335 0.669921875 0.5208333333333335
0 0.599609375 0.5104166666666667 0.400390625 0.5104166666666666 0.400390625 0.6423611111111112 0.599609375 0.6423611111111113
0 0.7265625 0.46180555555555575 0.57421875 0.46180555555555575 0.57421875 0.7256944444444446 0.7265625 0.7256944444444446
2 0.875 0.19791666666666685 0.66796875 0.19791666666666682 0.66796875 0.4270833333333335 0.875 0.42708333333333354
4 0.765625 0.10069444444444459 0.607421875 0.10069444444444457 0.607421875 0.2534722222222224 0.765625 0.25347222222222243
3 0.623046875 1.143854128370271e-16 0.427734375 9.312418368516332e-17 0.427734375 0.17361111111111124 0.623046875 0.17361111111111127
1 0.791015625 0.5000000000000002 0.623046875 0.5000000000000002 0.623046875 0.9305555555555556 0.791015625 0.9305555555555556