1 0.34179687500000006 0.5347222222222222 0.08593750000000003 0.5347222222222222 0.08593750000000004 0.9791666666666666 0.3417968750000001 0.9791666666666666
0 0.5390625 0.6111111111111112 0.328125 0.6111111111111112 0.32812500000000006 0.96875 0.5390625 0.96875
5 0.75390625 0.5208333333333335 0.5390625 0.5208333333333335 0.5390625 0.7534722222222224 0.75390625 0.7534722222222224
1 0.865234375 0.35069444444444464 0.75 0.35069444444444464 0.75 0.7673611111111113 0.865234375 0.7673611111111113
5 0.259765625 0.3819444444444445 0.09375000000000003 0.3819444444444444 0.09375000000000004 0.6423611111111112 0.259765625 0.6423611111111112
5 0.37890625 0.37152777777777785 0.2109375 0.3715277777777778 0.21093750000000003 0.5972222222222222 0.37890625 0.5972222222222222
5 0.724609375 0.3229166666666668 0.541015625 0.32291666666666674 0.541015625 0.5520833333333335 0.724609375 0.5520833333333335
4 0.53125 0.3402777777777779 0.345703125 0.3402777777777779 0.345703125 0.6631944444444445 0.53125 0.6631944444444446
0 0.69921875 0.16319444444444456 0.53515625 0.16319444444444453 0.53515625 0.3958333333333335 0.69921875 0.39583333333333354
0 0.732421875 1.426628476090059e-16 0.578125 1.2586647657903352e-16 0.578125 0.18402777777777793 0.732421875 0.18402777777777793
0 0.37890625 0.16319444444444453 0.287109375 0.1631944444444445 0.287109375 0.388888888888889 0.37890625 0.388888888888889
2 0.3046875 0.15972222222222224 0.064453125 0.1597222222222222 0.06445312500000001 0.41666666666666674 0.3046875 0.41666666666666674
3 0.568359375 0.08680555555555565 0.3515625 0.08680555555555564 0.3515625 0.35416666666666674 0.568359375 0.35416666666666674
4 0.896484375 0.055555555555555726 0.70703125 0.055555555555555705 0.70703125 0.34722222222222243 0.896484375 0.34722222222222243