1 0.22460937500000003 0.28125 0.158203125 0.28125 0.15820312500000003 0.5277777777777778 0.22460937500000006 0.5277777777777778
1 0.333984375 0.32638888888888895 0.08593750000000003 0.3263888888888889 0.08593750000000003 0.5625 0.333984375 0.5625
5 0.353515625 0.4756944444444444 0.265625 0.4756944444444444 0.265625 0.6805555555555556 0.353515625 0.6805555555555556
5 0.39453125 0.5243055555555556 0.255859375 0.5243055555555556 0.255859375 0.78125 0.39453125 0.78125
5 0.564453125 0.5833333333333335 0.375 0.5833333333333334 0.375 0.7222222222222223 0.564453125 0.7222222222222224
5 0.552734375 0.6493055555555557 0.453125 0.6493055555555556 0.45312500000000006 0.9756944444444444 0.552734375 0.9756944444444444
3 0.37890625 0.07291666666666673 0.189453125 0.07291666666666671 0.189453125 0.3194444444444445 0.37890625 0.31944444444444453
0 0.494140625 0.17361111111111122 0.357421875 0.17361111111111122 0.357421875 0.326388888888889 0.494140625 0.326388888888889
0 0.560546875 0.17708333333333343 0.5078125 0.17708333333333343 0.5078125 0.33680555555555564 0.560546875 0.33680555555555564
4 0.65234375 0.3437500000000001 0.455078125 0.3437500000000001 0.455078125 0.5555555555555558 0.65234375 0.5555555555555558
4 0.80859375 0.3159722222222224 0.6015625 0.3159722222222223 0.6015625 0.5381944444444446 0.80859375 0.5381944444444446
2 0.396484375 0.03472222222222229 0.26171875 0.034722222222222286 0.26171875 0.15625000000000008 0.396484375 0.1562500000000001