5 0.35416666666666674 0.453125 0.09027777777777787 0.453125 0.09027777777777789 0.619140625 0.35416666666666674 0.619140625
5 0.5138888888888891 0.47265625 0.3645833333333334 0.47265625 0.3645833333333334 0.634765625 0.5138888888888891 0.634765625
0 0.746527777777778 0.564453125 0.48263888888888906 0.564453125 0.48263888888888906 0.6640625 0.746527777777778 0.6640625
0 0.9131944444444444 0.55078125 0.6944444444444446 0.55078125 0.6944444444444446 0.708984375 0.9131944444444444 0.708984375
4 0.5902777777777779 0.328125 0.2847222222222223 0.328125 0.2847222222222223 0.515625 0.590277777777778 0.515625
0 0.3020833333333334 0.302734375 0.10069444444444452 0.302734375 0.10069444444444453 0.45703125 0.3020833333333334 0.45703125
5 0.7013888888888888 0.21679687500000006 0.4236111111111111 0.21679687500000006 0.42361111111111116 0.365234375 0.7013888888888888 0.365234375
1 0.4131944444444446 0.6484375 1.4117456156837544e-16 0.6484375 1.5116733926975142e-16 0.740234375 0.41319444444444464 0.740234375
4 0.7743055555555558 0.662109375 0.3784722222222223 0.662109375 0.3784722222222224 0.892578125 0.7743055555555558 0.892578125
1 0.4618055555555556 0.13867187500000003 0.07638888888888891 0.138671875 0.07638888888888894 0.357421875 0.4618055555555556 0.357421875
5 0.7152777777777778 0.12695312500000006 0.4097222222222222 0.12695312500000006 0.40972222222222227 0.24414062500000006 0.7152777777777778 0.24414062500000006
2 1 0.15234375000000006 0.6770833333333334 0.15234375000000006 0.6770833333333334 0.34960937500000006 1 0.3496093750000001
2 0.9513888888888888 0.32031250000000006 0.6388888888888888 0.3203125 0.6388888888888888 0.41601562500000006 0.9513888888888888 0.4160156250000001
3 0.8923611111111112 0.36523437500000006 0.5520833333333334 0.365234375 0.5520833333333335 0.5859375 0.8923611111111112 0.5859375