1 0.30664062500000006 0.4826388888888889 0.08203125000000003 0.4826388888888889 0.08203125000000004 0.8680555555555556 0.3066406250000001 0.8680555555555556
0 0.501953125 0.6145833333333335 0.31640625 0.6145833333333334 0.31640625000000006 0.9270833333333334 0.501953125 0.9270833333333334
5 0.732421875 0.5868055555555558 0.53125 0.5868055555555558 0.53125 0.7673611111111113 0.732421875 0.7673611111111113
1 0.83984375 0.44444444444444464 0.7578125 0.44444444444444464 0.7578125 0.8437500000000002 0.83984375 0.8437500000000002
5 0.25390625 0.31250000000000006 0.10546875000000003 0.3125 0.10546875000000003 0.5347222222222222 0.25390625 0.5347222222222222
5 0.375 0.33333333333333337 0.22265625 0.3333333333333333 0.22265625000000003 0.5173611111111112 0.375 0.5173611111111112
5 0.72265625 0.3819444444444446 0.552734375 0.38194444444444453 0.552734375 0.5659722222222224 0.72265625 0.5659722222222224
4 0.521484375 0.3437500000000001 0.359375 0.3437500000000001 0.359375 0.6250000000000001 0.521484375 0.6250000000000002
0 0.708984375 0.2187500000000001 0.560546875 0.2187500000000001 0.560546875 0.4131944444444446 0.708984375 0.41319444444444464
0 0.76171875 0.03472222222222237 0.62109375 0.034722222222222356 0.62109375 0.21527777777777793 0.76171875 0.21527777777777793
0 0.390625 0.1284722222222223 0.31640625 0.12847222222222227 0.31640625 0.33680555555555564 0.390625 0.33680555555555564
2 0.3203125 0.10416666666666671 0.095703125 0.10416666666666669 0.09570312500000001 0.29861111111111116 0.3203125 0.2986111111111112
3 0.5859375 0.10416666666666677 0.38671875 0.10416666666666674 0.38671875 0.31944444444444453 0.5859375 0.31944444444444453
4 0.908203125 0.16319444444444461 0.740234375 0.1631944444444446 0.740234375 0.41319444444444464 0.908203125 0.41319444444444464