1 0.33203125 0.31597222222222227 0.130859375 0.3159722222222222 0.13085937500000003 0.6840277777777778 0.33203125 0.6840277777777778
5 0.544921875 0.4722222222222223 0.359375 0.4722222222222222 0.359375 0.7743055555555557 0.544921875 0.7743055555555558
5 0.552734375 0.5104166666666667 0.423828125 0.5104166666666666 0.42382812500000006 0.8854166666666667 0.552734375 0.8854166666666669
5 0.7265625 0.47569444444444464 0.529296875 0.47569444444444464 0.529296875 0.7361111111111113 0.7265625 0.7361111111111113
5 0.8203125 0.6041666666666669 0.611328125 0.6041666666666669 0.611328125 0.9513888888888888 0.8203125 0.9513888888888888
1 0.380859375 0.31597222222222227 0.18359375 0.3159722222222222 0.18359375000000003 0.7708333333333334 0.380859375 0.7708333333333334
4 0.74609375 0.2152777777777779 0.521484375 0.21527777777777787 0.521484375 0.559027777777778 0.74609375 0.559027777777778
4 0.849609375 0.20486111111111127 0.669921875 0.20486111111111127 0.669921875 0.44791666666666685 0.849609375 0.44791666666666685
3 0.40625 0.07291666666666673 0.15625 0.07291666666666669 0.15625 0.3680555555555556 0.40625 0.36805555555555564
0 0.50390625 0.16666666666666677 0.341796875 0.16666666666666677 0.341796875 0.3020833333333334 0.50390625 0.3020833333333334
0 0.466796875 0.14236111111111122 0.39453125 0.14236111111111122 0.39453125 0.295138888888889 0.466796875 0.295138888888889
0 0.59375 0.11805555555555568 0.478515625 0.11805555555555565 0.478515625 0.3472222222222223 0.59375 0.3472222222222223
2 0.34375 0.0034722222222222754 0.14453125 0.0034722222222222533 0.14453125 0.21180555555555564 0.34375 0.21180555555555566