3 0.310546875 0.23263888888888895 0.10156250000000003 0.2326388888888889 0.10156250000000004 0.6284722222222222 0.310546875 0.6284722222222222
5 0.6484375 0.5520833333333335 0.498046875 0.5520833333333335 0.49804687500000006 0.8888888888888888 0.6484375 0.8888888888888888
5 0.830078125 0.5312500000000002 0.669921875 0.5312500000000002 0.669921875 0.9166666666666666 0.830078125 0.9166666666666666
5 0.875 0.42013888888888906 0.701171875 0.42013888888888906 0.701171875 0.7708333333333335 0.875 0.7708333333333335
5 0.986328125 0.40277777777777796 0.876953125 0.40277777777777796 0.876953125 0.6597222222222224 0.986328125 0.6597222222222224
0 0.568359375 0.5034722222222223 0.37890625 0.5034722222222222 0.37890625000000006 0.8750000000000001 0.568359375 0.8750000000000002
0 0.5625 0.21527777777777787 0.396484375 0.21527777777777787 0.396484375 0.4340277777777779 0.5625 0.4340277777777779
0 0.828125 0.21180555555555572 0.677734375 0.2118055555555557 0.677734375 0.46180555555555575 0.828125 0.46180555555555575
0 0.763671875 0.09375000000000015 0.6015625 0.09375000000000012 0.6015625 0.23263888888888903 0.763671875 0.2326388888888891
1 0.826171875 0.041666666666666824 0.61328125 0.0416666666666668 0.61328125 0.17361111111111127 0.826171875 0.1736111111111113
2 0.51171875 0.003472222222222316 0.3515625 0.0034722222222222992 0.3515625 0.19791666666666677 0.51171875 0.19791666666666677
4 0.390625 0.08680555555555562 0.19921875 0.08680555555555561 0.19921875 0.27083333333333337 0.390625 0.2708333333333334
1 0.42968750000000006 0.3645833333333334 0.271484375 0.3645833333333334 0.27148437500000006 0.8125 0.4296875000000001 0.8125