2 0.41015625 0.32291666666666674 0.138671875 0.3229166666666667 0.13867187500000003 0.6319444444444444 0.41015625 0.6319444444444444
3 0.599609375 0.5520833333333335 0.34375 0.5520833333333334 0.34375000000000006 1 0.599609375 1
1 0.7421875 0.4305555555555557 0.498046875 0.43055555555555564 0.498046875 0.8020833333333335 0.7421875 0.8020833333333335
0 0.4609375 0.3125000000000001 0.3125 0.3125000000000001 0.3125 0.4722222222222223 0.4609375 0.47222222222222243
0 0.4921875 0.263888888888889 0.37890625 0.263888888888889 0.37890625 0.43055555555555564 0.4921875 0.43055555555555564
0 0.49609375 0.13541666666666677 0.361328125 0.13541666666666677 0.361328125 0.24305555555555566 0.49609375 0.24305555555555566
0 0.541015625 0.10069444444444456 0.431640625 0.10069444444444454 0.431640625 0.23611111111111122 0.541015625 0.23611111111111122
4 0.669921875 0.048611111111111244 0.53515625 0.04861111111111122 0.53515625 0.20486111111111124 0.669921875 0.20486111111111127
4 0.66015625 0.170138888888889 0.4609375 0.17013888888888898 0.4609375 0.39930555555555564 0.66015625 0.39930555555555564
5 0.806640625 0.3506944444444446 0.654296875 0.35069444444444453 0.654296875 0.5381944444444446 0.806640625 0.5381944444444446
5 0.8046875 0.3020833333333335 0.658203125 0.3020833333333334 0.658203125 0.45833333333333354 0.8046875 0.45833333333333354
5 0.869140625 0.27430555555555575 0.716796875 0.27430555555555575 0.716796875 0.38541666666666685 0.869140625 0.38541666666666685
5 0.8984375 0.24305555555555575 0.755859375 0.24305555555555575 0.755859375 0.33680555555555575 0.8984375 0.33680555555555575
1 0.8046875 0.37500000000000017 0.572265625 0.3750000000000001 0.572265625 0.6909722222222224 0.8046875 0.6909722222222224