2 0.41015625 0.40625000000000006 0.14062500000000006 0.40625 0.14062500000000006 0.7048611111111112 0.41015625 0.7048611111111112
3 0.62890625 0.5590277777777779 0.376953125 0.5590277777777778 0.37695312500000006 1 0.62890625 1
1 0.751953125 0.39236111111111127 0.509765625 0.3923611111111112 0.509765625 0.7569444444444446 0.751953125 0.7569444444444446
0 0.451171875 0.357638888888889 0.302734375 0.357638888888889 0.302734375 0.5138888888888888 0.451171875 0.5138888888888888
0 0.4765625 0.29166666666666674 0.365234375 0.29166666666666674 0.365234375 0.4548611111111112 0.4765625 0.4548611111111113
0 0.462890625 0.16666666666666674 0.328125 0.1666666666666667 0.328125 0.2708333333333334 0.462890625 0.2708333333333334
0 0.505859375 0.11111111111111122 0.3984375 0.11111111111111122 0.3984375 0.24305555555555566 0.505859375 0.24305555555555566
4 0.626953125 0.024305555555555677 0.4921875 0.02430555555555566 0.4921875 0.17708333333333345 0.626953125 0.17708333333333348
4 0.634765625 0.1562500000000001 0.4375 0.1562500000000001 0.4375 0.38194444444444453 0.634765625 0.38194444444444453
5 0.796875 0.2743055555555557 0.646484375 0.27430555555555564 0.646484375 0.45833333333333354 0.796875 0.45833333333333354
5 0.787109375 0.22916666666666682 0.640625 0.22916666666666677 0.640625 0.3819444444444446 0.787109375 0.38194444444444464
5 0.845703125 0.1770833333333335 0.693359375 0.17708333333333348 0.693359375 0.28472222222222243 0.845703125 0.28472222222222243
5 0.87109375 0.13888888888888906 0.728515625 0.13888888888888903 0.728515625 0.22569444444444464 0.87109375 0.22569444444444464
1 0.8046875 0.31250000000000017 0.57421875 0.3125000000000001 0.57421875 0.621527777777778 0.8046875 0.621527777777778