1 0.322265625 0.39236111111111116 0.142578125 0.3923611111111111 0.14257812500000003 0.7222222222222222 0.322265625 0.7222222222222222
5 0.544921875 0.5000000000000001 0.376953125 0.5 0.376953125 0.7673611111111112 0.544921875 0.7673611111111113
5 0.5546875 0.5208333333333335 0.44921875 0.5208333333333334 0.44921875000000006 0.8750000000000001 0.5546875 0.8750000000000002
5 0.724609375 0.46527777777777796 0.541015625 0.46527777777777796 0.541015625 0.6875000000000002 0.724609375 0.6875000000000002
5 0.828125 0.5763888888888891 0.638671875 0.5763888888888891 0.638671875 0.8854166666666669 0.828125 0.8854166666666669
1 0.37109375 0.37847222222222227 0.203125 0.3784722222222222 0.20312500000000003 0.8020833333333334 0.37109375 0.8020833333333334
4 0.7265625 0.20833333333333345 0.521484375 0.20833333333333343 0.521484375 0.5104166666666669 0.7265625 0.5104166666666669
4 0.830078125 0.16666666666666685 0.662109375 0.16666666666666682 0.662109375 0.37500000000000017 0.830078125 0.3750000000000002
3 0.380859375 0.1458333333333334 0.146484375 0.14583333333333337 0.146484375 0.39236111111111116 0.380859375 0.3923611111111112
0 0.484375 0.20138888888888895 0.328125 0.20138888888888895 0.328125 0.30555555555555564 0.484375 0.30555555555555564
0 0.443359375 0.16666666666666677 0.37890625 0.16666666666666677 0.37890625 0.30555555555555564 0.443359375 0.30555555555555564
0 0.568359375 0.1250000000000001 0.466796875 0.1250000000000001 0.466796875 0.3333333333333334 0.568359375 0.3333333333333334
2 0.314453125 0.08333333333333338 0.125 0.08333333333333336 0.125 0.25000000000000006 0.314453125 0.2500000000000001