1 0.22656250000000003 0.3020833333333333 0.15625 0.3020833333333333 0.15625000000000003 0.5486111111111112 0.22656250000000006 0.5486111111111112
1 0.3359375 0.3368055555555556 0.08398437500000003 0.3368055555555556 0.08398437500000003 0.5868055555555556 0.3359375 0.5868055555555556
5 0.357421875 0.4861111111111111 0.265625 0.4861111111111111 0.265625 0.6979166666666666 0.357421875 0.6979166666666666
5 0.400390625 0.53125 0.255859375 0.53125 0.255859375 0.7951388888888888 0.400390625 0.7951388888888888
5 0.5703125 0.5798611111111112 0.37890625 0.5798611111111112 0.37890625 0.7291666666666667 0.5703125 0.7291666666666669
5 0.5625 0.6458333333333335 0.45703125 0.6458333333333335 0.45703125000000006 0.9791666666666666 0.5625 0.9791666666666666
3 0.376953125 0.07986111111111117 0.181640625 0.07986111111111116 0.181640625 0.34027777777777785 0.376953125 0.3402777777777779
0 0.490234375 0.17708333333333343 0.3515625 0.17708333333333343 0.3515625 0.33680555555555564 0.490234375 0.33680555555555564
0 0.55859375 0.17708333333333343 0.501953125 0.17708333333333343 0.501953125 0.3402777777777779 0.55859375 0.3402777777777779
4 0.654296875 0.33680555555555564 0.453125 0.33680555555555564 0.453125 0.5590277777777779 0.654296875 0.559027777777778
4 0.80859375 0.29861111111111127 0.59765625 0.2986111111111112 0.59765625 0.5347222222222224 0.80859375 0.5347222222222224
2 0.390625 0.041666666666666734 0.25390625 0.04166666666666671 0.25390625 0.17013888888888895 0.390625 0.17013888888888898