2 0.40234375 0.38888888888888895 0.14453125 0.3888888888888889 0.14453125000000003 0.6493055555555556 0.40234375 0.6493055555555556
3 0.60546875 0.576388888888889 0.373046875 0.5763888888888888 0.37304687500000006 1 0.60546875 1
1 0.740234375 0.4270833333333335 0.513671875 0.4270833333333334 0.513671875 0.7604166666666669 0.740234375 0.7604166666666669
0 0.451171875 0.3472222222222223 0.310546875 0.3472222222222223 0.310546875 0.4826388888888889 0.451171875 0.4826388888888889
0 0.48046875 0.28819444444444453 0.375 0.28819444444444453 0.375 0.4340277777777779 0.48046875 0.4340277777777779
0 0.474609375 0.15972222222222232 0.34375 0.15972222222222232 0.34375 0.24652777777777787 0.474609375 0.24652777777777787
0 0.51953125 0.11458333333333343 0.416015625 0.11458333333333343 0.416015625 0.22916666666666677 0.51953125 0.22916666666666677
4 0.642578125 0.04513888888888901 0.515625 0.045138888888889 0.515625 0.17708333333333345 0.642578125 0.17708333333333348
4 0.640625 0.17708333333333345 0.453125 0.17708333333333343 0.453125 0.3715277777777779 0.640625 0.3715277777777779
5 0.798828125 0.3194444444444446 0.654296875 0.31944444444444453 0.654296875 0.48263888888888906 0.798828125 0.48263888888888906
5 0.79296875 0.2708333333333335 0.65234375 0.2708333333333334 0.65234375 0.4027777777777779 0.79296875 0.40277777777777796
5 0.85546875 0.2326388888888891 0.705078125 0.2326388888888891 0.705078125 0.31597222222222243 0.85546875 0.31597222222222243
5 0.8828125 0.19791666666666685 0.7421875 0.19791666666666682 0.7421875 0.26388888888888906 0.8828125 0.26388888888888906
1 0.798828125 0.35763888888888906 0.580078125 0.357638888888889 0.580078125 0.6354166666666669 0.798828125 0.6354166666666669