5 0.43359375000000006 0.5729166666666666 0.23632812500000006 0.5729166666666666 0.23632812500000006 0.9340277777777778 0.4335937500000001 0.9340277777777778
5 0.42578125 0.4409722222222223 0.23437500000000006 0.4409722222222223 0.23437500000000006 0.5659722222222222 0.42578125 0.5659722222222222
5 0.361328125 0.33333333333333337 0.169921875 0.3333333333333333 0.16992187500000003 0.4791666666666667 0.361328125 0.4791666666666667
5 0.400390625 0.2048611111111112 0.2421875 0.20486111111111116 0.2421875 0.3750000000000001 0.400390625 0.3750000000000001
0 0.43359375 0.1458333333333334 0.3046875 0.14583333333333337 0.3046875 0.3125000000000001 0.43359375 0.3125000000000001
1 0.533203125 0.0937500000000001 0.3359375 0.09375000000000007 0.3359375 0.2708333333333334 0.533203125 0.2708333333333334
4 0.666015625 0.2847222222222223 0.451171875 0.2847222222222223 0.451171875 0.5104166666666667 0.666015625 0.5104166666666669
0 0.60546875 0.5104166666666667 0.40625 0.5104166666666666 0.40625 0.6423611111111112 0.60546875 0.6423611111111113
0 0.73046875 0.4340277777777779 0.578125 0.4340277777777779 0.578125 0.6979166666666669 0.73046875 0.6979166666666669
2 0.86328125 0.14930555555555572 0.65625 0.1493055555555557 0.65625 0.3784722222222224 0.86328125 0.37847222222222243
4 0.744140625 0.06944444444444459 0.5859375 0.06944444444444457 0.5859375 0.22222222222222238 0.744140625 0.22222222222222243
3 0.599609375 1.0928271784057978e-16 0.404296875 8.802148868871601e-17 0.404296875 0.170138888888889 0.599609375 0.17013888888888903
1 0.802734375 0.46180555555555575 0.634765625 0.46180555555555575 0.634765625 0.8923611111111112 0.802734375 0.8923611111111112