2 0.28515625 0.16319444444444448 0.099609375 0.16319444444444445 0.09960937500000001 0.4826388888888889 0.28515625 0.4826388888888889
3 0.41796875 0.26041666666666674 0.138671875 0.2604166666666667 0.13867187500000003 0.6354166666666666 0.41796875 0.6354166666666666
1 0.43164062500000006 0.5069444444444444 0.23828125000000006 0.5069444444444444 0.23828125000000006 0.9618055555555556 0.4316406250000001 0.9618055555555556
5 0.59765625 0.5868055555555557 0.423828125 0.5868055555555556 0.42382812500000006 0.8611111111111112 0.59765625 0.8611111111111113
5 0.59375 0.6180555555555558 0.515625 0.6180555555555558 0.515625 0.8923611111111112 0.59375 0.8923611111111112
5 0.798828125 0.5520833333333335 0.658203125 0.5520833333333335 0.658203125 0.8333333333333335 0.798828125 0.8333333333333335
5 0.720703125 0.46180555555555575 0.56640625 0.46180555555555575 0.56640625 0.746527777777778 0.720703125 0.746527777777778
4 0.71484375 0.1875000000000001 0.513671875 0.1875000000000001 0.513671875 0.5833333333333335 0.71484375 0.5833333333333335
4 0.798828125 0.0868055555555557 0.61328125 0.08680555555555568 0.61328125 0.3368055555555557 0.798828125 0.33680555555555575
0 0.4765625 0.19444444444444453 0.357421875 0.19444444444444453 0.357421875 0.4270833333333334 0.4765625 0.4270833333333334
0 0.564453125 0.04513888888888899 0.423828125 0.04513888888888898 0.423828125 0.35416666666666674 0.564453125 0.35416666666666674