2 0.8680555555555556 0.14453125000000006 0.6076388888888888 0.14453125000000006 0.6076388888888888 0.33203125000000006 0.8680555555555556 0.3320312500000001
4 0.8263888888888891 0.69921875 0.5659722222222224 0.69921875 0.5659722222222224 0.857421875 0.8263888888888891 0.857421875
0 0.9513888888888888 0.599609375 0.8125000000000002 0.599609375 0.8125000000000002 0.75390625 0.9513888888888888 0.75390625
1 0.5034722222222224 0.681640625 0.1319444444444446 0.681640625 0.13194444444444461 0.798828125 0.5034722222222224 0.798828125
5 0.3645833333333335 0.521484375 0.22916666666666677 0.521484375 0.22916666666666682 0.681640625 0.36458333333333354 0.681640625
5 0.5381944444444446 0.5390625 0.420138888888889 0.5390625 0.42013888888888906 0.689453125 0.5381944444444446 0.689453125
0 0.7951388888888891 0.55078125 0.527777777777778 0.55078125 0.527777777777778 0.68359375 0.7951388888888891 0.68359375
4 0.5833333333333335 0.38671875 0.30555555555555564 0.38671875 0.30555555555555564 0.5234375 0.5833333333333335 0.5234375
0 0.3159722222222223 0.36328125 0.05555555555555563 0.36328125 0.05555555555555564 0.50390625 0.3159722222222223 0.50390625
1 0.42708333333333337 0.17187500000000003 0.07291666666666671 0.171875 0.07291666666666673 0.353515625 0.4270833333333334 0.353515625
5 0.625 0.16992187500000003 0.3888888888888889 0.169921875 0.38888888888888895 0.279296875 0.625 0.279296875
5 0.59375 0.267578125 0.388888888888889 0.267578125 0.388888888888889 0.39453125 0.59375 0.39453125