2 0.8784722222222222 0.15039062500000006 0.6284722222222222 0.15039062500000006 0.6284722222222222 0.33398437500000006 0.8784722222222222 0.3339843750000001
4 0.8020833333333335 0.705078125 0.5520833333333335 0.705078125 0.5520833333333335 0.859375 0.8020833333333335 0.859375
0 0.9340277777777778 0.607421875 0.8055555555555558 0.607421875 0.8055555555555558 0.759765625 0.9340277777777778 0.759765625
1 0.4861111111111113 0.681640625 0.12152777777777793 0.681640625 0.12152777777777793 0.791015625 0.4861111111111113 0.791015625
5 0.35416666666666674 0.517578125 0.22916666666666677 0.517578125 0.22916666666666677 0.67578125 0.35416666666666674 0.67578125
5 0.5243055555555558 0.537109375 0.41666666666666674 0.537109375 0.4166666666666668 0.6875 0.5243055555555558 0.6875
0 0.7812500000000002 0.556640625 0.5243055555555558 0.556640625 0.5243055555555558 0.68359375 0.7812500000000002 0.68359375
4 0.5833333333333335 0.388671875 0.3125000000000001 0.388671875 0.3125000000000001 0.51953125 0.5833333333333335 0.51953125
0 0.3159722222222223 0.357421875 0.0659722222222223 0.357421875 0.06597222222222231 0.494140625 0.3159722222222223 0.494140625
1 0.43402777777777785 0.16992187500000003 0.09375000000000003 0.169921875 0.09375000000000006 0.34375 0.4340277777777779 0.34375
5 0.6354166666666666 0.16992187500000006 0.40625 0.16992187500000006 0.40625000000000006 0.275390625 0.6354166666666666 0.275390625
5 0.5972222222222222 0.26953125 0.39930555555555564 0.26953125 0.39930555555555564 0.392578125 0.5972222222222222 0.392578125