5 0.40625 0.12152777777777785 0.330078125 0.12152777777777783 0.330078125 0.3784722222222223 0.40625 0.3784722222222223
5 0.451171875 0.03819444444444453 0.36328125 0.03819444444444452 0.36328125 0.22222222222222232 0.451171875 0.22222222222222232
5 0.310546875 0.21527777777777782 0.25390625 0.21527777777777782 0.25390625 0.5243055555555556 0.310546875 0.5243055555555556
0 0.447265625 0.5902777777777778 0.30078125 0.5902777777777778 0.30078125 0.7638888888888888 0.447265625 0.7638888888888888
0 0.3984375 0.3472222222222223 0.294921875 0.3472222222222223 0.294921875 0.6076388888888888 0.3984375 0.6076388888888888
0 0.603515625 0.06944444444444456 0.478515625 0.06944444444444454 0.478515625 0.3020833333333334 0.603515625 0.3020833333333334
0 0.576171875 0.32291666666666674 0.46484375 0.32291666666666674 0.46484375 0.6145833333333335 0.576171875 0.6145833333333335
1 0.65234375 0.11111111111111123 0.541015625 0.11111111111111122 0.541015625 0.4340277777777779 0.65234375 0.4340277777777779
5 0.53515625 0.03472222222222233 0.431640625 0.03472222222222232 0.431640625 0.2812500000000001 0.53515625 0.2812500000000001
1 0.42773437500000006 0.6284722222222222 0.21679687500000006 0.6284722222222222 0.21679687500000006 0.8715277777777778 0.4277343750000001 0.8715277777777778
2 0.6640625 0.6284722222222224 0.458984375 0.6284722222222224 0.45898437500000006 0.9097222222222222 0.6640625 0.9097222222222222
2 0.75 0.5000000000000002 0.552734375 0.5000000000000002 0.552734375 0.7256944444444446 0.75 0.7256944444444446
3 0.77734375 0.18750000000000014 0.609375 0.18750000000000014 0.609375 0.49305555555555575 0.77734375 0.49305555555555575
4 0.5234375 0.35069444444444453 0.376953125 0.35069444444444453 0.376953125 0.638888888888889 0.5234375 0.6388888888888891