1 0.22656250000000003 0.3090277777777778 0.154296875 0.3090277777777778 0.15429687500000003 0.5590277777777778 0.22656250000000006 0.5590277777777778
1 0.3359375 0.34375000000000006 0.08203125000000003 0.34375 0.08203125000000003 0.6006944444444444 0.3359375 0.6006944444444444
5 0.359375 0.4895833333333333 0.265625 0.4895833333333333 0.265625 0.7048611111111112 0.359375 0.7048611111111112
5 0.404296875 0.5347222222222222 0.2578125 0.5347222222222222 0.2578125 0.8020833333333334 0.404296875 0.8020833333333334
5 0.572265625 0.576388888888889 0.37890625 0.5763888888888888 0.37890625 0.732638888888889 0.572265625 0.7326388888888891
5 0.56640625 0.6458333333333335 0.45703125 0.6458333333333335 0.45703125000000006 0.9826388888888888 0.56640625 0.9826388888888888
3 0.375 0.0833333333333334 0.177734375 0.08333333333333338 0.177734375 0.3506944444444445 0.375 0.35069444444444453
0 0.48828125 0.17361111111111122 0.34765625 0.17361111111111122 0.34765625 0.3402777777777779 0.48828125 0.3402777777777779
0 0.556640625 0.17361111111111122 0.498046875 0.17361111111111122 0.498046875 0.3402777777777779 0.556640625 0.3402777777777779
4 0.654296875 0.3298611111111112 0.451171875 0.3298611111111112 0.451171875 0.5590277777777779 0.654296875 0.559027777777778
4 0.80859375 0.2881944444444446 0.595703125 0.28819444444444453 0.595703125 0.527777777777778 0.80859375 0.527777777777778
2 0.38671875 0.04513888888888896 0.248046875 0.04513888888888894 0.248046875 0.18055555555555564 0.38671875 0.18055555555555566