5 0.408203125 0.11458333333333341 0.337890625 0.11458333333333338 0.337890625 0.36805555555555564 0.408203125 0.36805555555555564
5 0.45703125 0.034722222222222314 0.37109375 0.03472222222222231 0.37109375 0.21527777777777787 0.45703125 0.21527777777777787
5 0.30859375 0.20138888888888895 0.259765625 0.20138888888888895 0.259765625 0.5069444444444444 0.30859375 0.5069444444444444
0 0.443359375 0.5833333333333334 0.298828125 0.5833333333333334 0.298828125 0.75 0.443359375 0.75
0 0.396484375 0.3402777777777779 0.296875 0.3402777777777779 0.296875 0.59375 0.396484375 0.59375
0 0.607421875 0.076388888888889 0.486328125 0.07638888888888899 0.486328125 0.2986111111111112 0.607421875 0.2986111111111112
0 0.57421875 0.326388888888889 0.46875 0.326388888888889 0.46875 0.6111111111111113 0.57421875 0.6111111111111113
1 0.65234375 0.11805555555555568 0.546875 0.11805555555555565 0.546875 0.4340277777777779 0.65234375 0.4340277777777779
5 0.5390625 0.034722222222222335 0.44140625 0.03472222222222232 0.44140625 0.2777777777777779 0.5390625 0.2777777777777779
1 0.41992187500000006 0.6215277777777778 0.21289062500000006 0.6215277777777778 0.21289062500000006 0.8541666666666666 0.4199218750000001 0.8541666666666666
2 0.654296875 0.6388888888888891 0.455078125 0.6388888888888891 0.45507812500000006 0.90625 0.654296875 0.90625
2 0.74609375 0.5138888888888891 0.552734375 0.5138888888888891 0.552734375 0.7291666666666669 0.74609375 0.7291666666666669
3 0.77734375 0.20486111111111127 0.615234375 0.20486111111111127 0.615234375 0.49652777777777796 0.77734375 0.49652777777777796
4 0.521484375 0.35069444444444453 0.380859375 0.35069444444444453 0.380859375 0.6319444444444445 0.521484375 0.6319444444444446