5 0.41992187500000006 0.5659722222222222 0.23242187500000006 0.5659722222222222 0.23242187500000006 0.9097222222222222 0.4199218750000001 0.9097222222222222
5 0.423828125 0.43055555555555564 0.23632812500000006 0.43055555555555564 0.23632812500000006 0.5381944444444444 0.423828125 0.5381944444444444
5 0.361328125 0.3194444444444445 0.173828125 0.3194444444444444 0.17382812500000003 0.4479166666666667 0.361328125 0.4479166666666667
5 0.404296875 0.19444444444444453 0.25 0.1944444444444445 0.25 0.35069444444444453 0.404296875 0.35069444444444453
0 0.4375 0.1423611111111112 0.314453125 0.14236111111111116 0.314453125 0.295138888888889 0.4375 0.295138888888889
1 0.541015625 0.09722222222222232 0.34765625 0.0972222222222223 0.34765625 0.2534722222222223 0.541015625 0.2534722222222223
4 0.6640625 0.2986111111111112 0.455078125 0.2986111111111112 0.455078125 0.5034722222222224 0.6640625 0.5034722222222224
0 0.6015625 0.5173611111111112 0.404296875 0.5173611111111112 0.404296875 0.6319444444444445 0.6015625 0.6319444444444446
0 0.724609375 0.4548611111111113 0.580078125 0.4548611111111113 0.580078125 0.7048611111111113 0.724609375 0.7048611111111113
2 0.865234375 0.18055555555555572 0.6640625 0.1805555555555557 0.6640625 0.39236111111111127 0.865234375 0.3923611111111113
4 0.751953125 0.09027777777777793 0.59765625 0.0902777777777779 0.59765625 0.22916666666666682 0.751953125 0.22916666666666685
3 0.609375 1.1204667763032209e-16 0.419921875 9.142328535301422e-17 0.419921875 0.16319444444444456 0.609375 0.1631944444444446
1 0.791015625 0.4861111111111113 0.634765625 0.4861111111111113 0.634765625 0.9027777777777778 0.791015625 0.9027777777777778