5 0.3472222222222223 0.482421875 0.11805555555555565 0.482421875 0.11805555555555568 0.6328125 0.3472222222222223 0.6328125
5 0.5104166666666669 0.478515625 0.39930555555555564 0.478515625 0.39930555555555564 0.634765625 0.5104166666666669 0.634765625
0 0.7638888888888891 0.5625 0.5173611111111113 0.5625 0.5173611111111113 0.64453125 0.7638888888888891 0.64453125
0 0.9236111111111112 0.533203125 0.7395833333333335 0.533203125 0.7395833333333335 0.677734375 0.9236111111111112 0.677734375
4 0.5520833333333335 0.341796875 0.2847222222222223 0.341796875 0.2847222222222223 0.51171875 0.5520833333333335 0.51171875
0 0.25694444444444453 0.33203125 0.09027777777777785 0.33203125 0.09027777777777786 0.474609375 0.25694444444444453 0.474609375
5 0.6319444444444444 0.22265625000000003 0.3854166666666667 0.22265625 0.38541666666666674 0.353515625 0.6319444444444444 0.353515625
1 0.45833333333333354 0.68359375 0.055555555555555705 0.68359375 0.05555555555555572 0.74609375 0.45833333333333354 0.74609375
4 0.8194444444444446 0.666015625 0.4687500000000002 0.666015625 0.4687500000000002 0.87109375 0.8194444444444446 0.87109375
1 0.37500000000000006 0.169921875 0.03819444444444448 0.169921875 0.0381944444444445 0.365234375 0.3750000000000001 0.365234375
5 0.625 0.13476562500000003 0.3402777777777778 0.134765625 0.34027777777777785 0.23046875000000003 0.625 0.23046875000000006
2 0.9548611111111112 0.13867187500000006 0.6354166666666666 0.13867187500000006 0.6354166666666666 0.31250000000000006 0.9548611111111112 0.3125000000000001
2 0.90625 0.31054687500000006 0.6076388888888888 0.310546875 0.6076388888888888 0.38281250000000006 0.90625 0.3828125000000001
3 0.857638888888889 0.35742187500000006 0.5659722222222222 0.357421875 0.5659722222222223 0.55859375 0.8576388888888891 0.55859375